k	Задача	1-hd			1-fd			2-hd			2-fd			3-hd			3-fd			4-hd			4-fd			
0,1	1	2,10714	0,23413	0,52976	2,72308	0,30256	0,68462	2,44138	0,27126	0,61379	2,72308	0,30256	0,68462	2,44138	0,27126	0,61379	2,72308	0,30256	0,68462	2,44138	0,27126	0,61379	2,72308	0,30256	0,68462	
0,1	2	0,91123	0,10125	0,36031	0,86386	0,09598	0,34158	0,74573	0,08286	0,29487	0,86386	0,09598	0,34158	0,74573	0,08286	0,29487	0,86386	0,09598	0,34158	0,74573	0,08286	0,29487	0,86386	0,09598	0,34158	
0,1	3	1,17891	0,13099	0,5016	1,5	0,16667	0,63821	1,22591	0,13621	0,52159	1,5	0,16667	0,63821	1,22591	0,13621	0,52159	1,5	0,16667	0,63821	1,22591	0,13621	0,52159	1,5	0,16667	0,63821	
0,1	4	0,76989	0,08554	0,3957	1,25614	0,13957	0,64561	1,07831	0,11981	0,55422	1,25614	0,13957	0,64561	1,18937	0,13215	0,6113	1,25614	0,13957	0,64561	1,18937	0,13215	0,6113	1,25614	0,13957	0,64561	
0,1	5	0,47694	0,05299	0,12121	0,74793	0,0831	0,19008	0,67286	0,07476	0,171	0,74793	0,0831	0,19008	0,67286	0,07476	0,171	0,74793	0,0831	0,19008	0,67286	0,07476	0,171	0,74793	0,0831	0,19008	
0,1	6	0,70922	0,0788	0,27896	1,01351	0,11261	0,39865	0,95541	0,10616	0,3758	1,01351	0,11261	0,39865	0,95541	0,10616	0,3758	1,01351	0,11261	0,39865	0,95541	0,10616	0,3758	1,01351	0,11261	0,39865	
0,1	7	1,24503	0,13834	0,72848	1,29655	0,14406	0,75862	1,28767	0,14307	0,75342	1,29655	0,14406	0,75862	1,28767	0,14307	0,75342	1,29655	0,14406	0,75862	1,28767	0,14307	0,75342	1,29655	0,14406	0,75862	
0,1	8	1,59565	0,17729	0,55652	1,91146	0,21238	0,66667	1,79024	0,19892	0,62439	1,91146	0,21238	0,66667	1,79024	0,19892	0,62439	1,91146	0,21238	0,66667	1,79024	0,19892	0,62439	1,91146	0,21238	0,66667	
0,1	9	0,79157	0,08795	0,28825	1,46914	0,16324	0,53498	1,21843	0,13538	0,44369	1,46914	0,16324	0,53498	1,2226	0,13584	0,44521	1,46914	0,16324	0,53498	1,2226	0,13584	0,44521	1,46914	0,16324	0,53498	
0,1	10	0,59155	0,06573	0,24726	1,32168	0,14685	0,55245	0,63317	0,07035	0,26466	1,32168	0,14685	0,55245	0,63317	0,07035	0,26466	1,32168	0,14685	0,55245	0,63317	0,07035	0,26466	1,32168	0,14685	0,55245	
0,2	1	1,14052	0,12672	0,35948	2,00575	0,22286	0,63218	1,81771	0,20197	0,57292	2,00575	0,22286	0,63218	1,81771	0,20197	0,57292	2,00575	0,22286	0,63218	1,81771	0,20197	0,57292	2,00575	0,22286	0,63218	
0,2	2	1,14332	0,12704	0,32899	1,21453	0,13495	0,34948	1,20205	0,13356	0,34589	1,21453	0,13495	0,34948	1,20205	0,13356	0,34589	1,21453	0,13495	0,34948	1,20205	0,13356	0,34589	1,21453	0,13495	0,34948	
0,2	3	1,70968	0,18996	0,61751	1,74178	0,19353	0,62911	1,71759	0,19084	0,62037	1,74178	0,19353	0,62911	1,71759	0,19084	0,62037	1,74178	0,19353	0,62911	1,71759	0,19084	0,62037	1,74178	0,19353	0,62911	
0,2	4	1,02941	0,11438	0,32353	1,91257	0,21251	0,60109	1,02941	0,11438	0,32353	1,91257	0,21251	0,60109	1,02941	0,11438	0,32353	1,91257	0,21251	0,60109	1,02941	0,11438	0,32353	1,91257	0,21251	0,60109	
0,2	5	1,76847	0,1965	0,48276	1,86979	0,20775	0,51042	1,76847	0,1965	0,48276	1,86979	0,20775	0,51042	1,76847	0,1965	0,48276	1,86979	0,20775	0,51042	1,76847	0,1965	0,48276	1,86979	0,20775	0,51042	
0,2	6	1,54585	0,17176	0,55022	1,54585	0,17176	0,55022	1,54585	0,17176	0,55022	1,54585	0,17176	0,55022	1,54585	0,17176	0,55022	1,54585	0,17176	0,55022	1,54585	0,17176	0,55022	1,54585	0,17176	0,55022	
0,2	7	1,98235	0,22026	0,64706	2,4963	0,27737	0,81481	2,30822	0,25647	0,75342	2,4963	0,27737	0,81481	2,4963	0,27737	0,81481	2,4963	0,27737	0,81481	2,4963	0,27737	0,81481	2,4963	0,27737	0,81481	
0,2	8	1,39062	0,15451	0,45703	1,40157	0,15573	0,46063	1,40157	0,15573	0,46063	1,40157	0,15573	0,46063	1,40157	0,15573	0,46063	1,40157	0,15573	0,46063	1,40157	0,15573	0,46063	1,40157	0,15573	0,46063	
0,2	9	2,05291	0,2281	0,44974	2,91729	0,32414	0,6391	2,36585	0,26287	0,51829	2,91729	0,32414	0,6391	2,36585	0,26287	0,51829	2,91729	0,32414	0,6391	2,36585	0,26287	0,51829	2,91729	0,32414	0,6391	
0,2	10	1,84656	0,20517	0,50794	2,8843	0,32048	0,79339	1,97175	0,21908	0,54237	2,8843	0,32048	0,79339	1,97175	0,21908	0,54237	2,8843	0,32048	0,79339	1,97175	0,21908	0,54237	2,8843	0,32048	0,79339	
0,3	1	2,00529	0,22281	0,75132	2,25595	0,25066	0,84524	2,25595	0,25066	0,84524	2,25595	0,25066	0,84524	2,25595	0,25066	0,84524	2,25595	0,25066	0,84524	2,25595	0,25066	0,84524	2,25595	0,25066	0,84524	
0,3	2	1,39301	0,15478	0,37118	2,14094	0,23788	0,57047	1,88757	0,20973	0,50296	2,14094	0,23788	0,57047	1,88757	0,20973	0,50296	2,14094	0,23788	0,57047	1,88757	0,20973	0,50296	2,14094	0,23788	0,57047	
0,3	3	1,39147	0,15461	0,29457	1,50209	0,1669	0,31799	1,50209	0,1669	0,31799	1,50209	0,1669	0,31799	1,50209	0,1669	0,31799	1,50209	0,1669	0,31799	1,50209	0,1669	0,31799	1,50209	0,1669	0,31799	
0,3	4	2,34868	0,26096	0,63816	3,1875	0,35417	0,86607	3,1875	0,35417	0,86607	3,1875	0,35417	0,86607	3,1875	0,35417	0,86607	3,1875	0,35417	0,86607	3,1875	0,35417	0,86607	3,1875	0,35417	0,86607	
0,3	5	2,32026	0,25781	0,49673	2,77344	0,30816	0,59375	2,32026	0,25781	0,49673	2,77344	0,30816	0,59375	2,32026	0,25781	0,49673	2,77344	0,30816	0,59375	2,32026	0,25781	0,49673	2,77344	0,30816	0,59375	
0,3	6	1,79227	0,19914	0,55072	2,68841	0,29871	0,82609	1,93229	0,2147	0,59375	2,68841	0,29871	0,82609	1,93229	0,2147	0,59375	2,68841	0,29871	0,82609	1,93229	0,2147	0,59375	2,68841	0,29871	0,82609	
0,3	7	3,86598	0,42955	0,82474	4,21348	0,46816	0,89888	3,90625	0,43403	0,83333	4,21348	0,46816	0,89888	3,90625	0,43403	0,83333	4,21348	0,46816	0,89888	3,90625	0,43403	0,83333	4,21348	0,46816	0,89888	
0,3	8	2,61538	0,2906	0,88811	2,67143	0,29683	0,90714	2,67143	0,29683	0,90714	2,67143	0,29683	0,90714	2,67143	0,29683	0,90714	2,67143	0,29683	0,90714	2,67143	0,29683	0,90714	2,67143	0,29683	0,90714	
0,3	9	1,69683	0,18854	0,30317	2,38854	0,26539	0,42675	2,38854	0,26539	0,42675	2,38854	0,26539	0,42675	2,38854	0,26539	0,42675	2,38854	0,26539	0,42675	2,38854	0,26539	0,42675	2,38854	0,26539	0,42675	
0,3	10	2,24528	0,24948	0,59119	3,57	0,39667	0,94	2,51408	0,27934	0,66197	3,57	0,39667	0,94	2,51408	0,27934	0,66197	3,57	0,39667	0,94	2,51408	0,27934	0,66197	3,57	0,39667	0,94	
0,4	1	4,80769	0,53419	0,74359	5,28169	0,58685	0,8169	5,28169	0,58685	0,8169	5,28169	0,58685	0,8169	5,28169	0,58685	0,8169	5,28169	0,58685	0,8169	5,28169	0,58685	0,8169	5,28169	0,58685	0,8169	
0,4	2	2,90476	0,32275	0,55556	4,30588	0,47843	0,82353	3,62376	0,40264	0,69307	4,30588	0,47843	0,82353	3,62376	0,40264	0,69307	4,30588	0,47843	0,82353	3,62376	0,40264	0,69307	4,30588	0,47843	0,82353	
0,4	3	2,83051	0,3145	0,77966	2,83051	0,3145	0,77966	2,83051	0,3145	0,77966	2,83051	0,3145	0,77966	2,83051	0,3145	0,77966	2,83051	0,3145	0,77966	2,83051	0,3145	0,77966	2,83051	0,3145	0,77966	
0,4	4	2,22981	0,24776	0,80745	2,39333	0,26593	0,86667	2,22981	0,24776	0,80745	2,39333	0,26593	0,86667	2,22981	0,24776	0,80745	2,39333	0,26593	0,86667	2,22981	0,24776	0,80745	2,39333	0,26593	0,86667	
0,4	5	2,75714	0,30635	0,80714	2,75714	0,30635	0,80714	2,75714	0,30635	0,80714	2,75714	0,30635	0,80714	2,75714	0,30635	0,80714	2,75714	0,30635	0,80714	2,75714	0,30635	0,80714	2,75714	0,30635	0,80714	
0,4	6	2,07738	0,23082	0,31548	2,25161	0,25018	0,34194	2,19497	0,24389	0,33333	2,25161	0,25018	0,34194	2,19497	0,24389	0,33333	2,25161	0,25018	0,34194	2,19497	0,24389	0,33333	2,25161	0,25018	0,34194	
0,4	7	4,45946	0,4955	0,75676	4,78261	0,5314	0,81159	4,78261	0,5314	0,81159	4,78261	0,5314	0,81159	4,78261	0,5314	0,81159	4,78261	0,5314	0,81159	4,78261	0,5314	0,81159	4,78261	0,5314	0,81159	
0,4	8	4,60465	0,51163	0,69767	4,60465	0,51163	0,69767	4,60465	0,51163	0,69767	4,60465	0,51163	0,69767	4,60465	0,51163	0,69767	4,60465	0,51163	0,69767	4,60465	0,51163	0,69767	4,60465	0,51163	0,69767	
0,4	9	4,09195	0,45466	0,58621	6,84615	0,76068	0,98077	4,94444	0,54938	0,70833	6,84615	0,76068	0,98077	4,94444	0,54938	0,70833	6,84615	0,76068	0,98077	4,94444	0,54938	0,70833	6,84615	0,76068	0,98077	
0,4	10	3,19811	0,35535	0,72642	3,22857	0,35873	0,73333	3,22857	0,35873	0,73333	3,22857	0,35873	0,73333	3,22857	0,35873	0,73333	3,22857	0,35873	0,73333	3,22857	0,35873	0,73333	3,22857	0,35873	0,73333	
0,5	1	6,44231	0,71581	0,69231	6,97917	0,77546	0,75	6,97917	0,77546	0,75	6,97917	0,77546	0,75	6,97917	0,77546	0,75	6,97917	0,77546	0,75	6,97917	0,77546	0,75	6,97917	0,77546	0,75	
0,5	2	2,56489	0,28499	0,64885	2,8	0,31111	0,70833	2,8	0,31111	0,70833	2,8	0,31111	0,70833	2,8	0,31111	0,70833	2,8	0,31111	0,70833	2,8	0,31111	0,70833	2,8	0,31111	0,70833	
0,5	3	3,74257	0,41584	0,71287	4,1087	0,45652	0,78261	4,1087	0,45652	0,78261	4,1087	0,45652	0,78261	4,1087	0,45652	0,78261	4,1087	0,45652	0,78261	4,1087	0,45652	0,78261	4,1087	0,45652	0,78261	
0,5	4	2,93846	0,3265	0,73846	3,03175	0,33686	0,7619	2,93846	0,3265	0,73846	3,03175	0,33686	0,7619	2,93846	0,3265	0,73846	3,03175	0,33686	0,7619	2,93846	0,3265	0,73846	3,03175	0,33686	0,7619	
0,5	5	3,2	0,35556	0,95652	3,2	0,35556	0,95652	3,2	0,35556	0,95652	3,2	0,35556	0,95652	3,2	0,35556	0,95652	3,2	0,35556	0,95652	3,2	0,35556	0,95652	3,2	0,35556	0,95652	
0,5	6	4,57692	0,50855	0,70513	5,85246	0,65027	0,90164	4,95833	0,55093	0,76389	5,85246	0,65027	0,90164	4,95833	0,55093	0,76389	5,85246	0,65027	0,90164	4,95833	0,55093	0,76389	5,85246	0,65027	0,90164	
0,5	7	2,45946	0,27327	0,66892	3,13793	0,34866	0,85345	2,86614	0,31846	0,77953	3,13793	0,34866	0,85345	2,86614	0,31846	0,77953	3,13793	0,34866	0,85345	2,86614	0,31846	0,77953	3,13793	0,34866	0,85345	
0,5	8	3,33962	0,37107	0,84906	3,54	0,39333	0,9	3,54	0,39333	0,9	3,54	0,39333	0,9	3,54	0,39333	0,9	3,54	0,39333	0,9	3,54	0,39333	0,9	3,54	0,39333	0,9	
0,5	9	3,32727	0,3697	0,95455	3,32727	0,3697	0,95455	3,32727	0,3697	0,95455	3,32727	0,3697	0,95455	3,32727	0,3697	0,95455	3,32727	0,3697	0,95455	3,32727	0,3697	0,95455	3,32727	0,3697	0,95455	
0,5	10	3,36607	0,37401	0,66071	3,36607	0,37401	0,66071	3,36607	0,37401	0,66071	3,36607	0,37401	0,66071	3,36607	0,37401	0,66071	3,36607	0,37401	0,66071	3,36607	0,37401	0,66071	3,36607	0,37401	0,66071	
0,6	1	3,33333	0,37037	0,75758	3,83721	0,42636	0,87209	3,83721	0,42636	0,87209	3,83721	0,42636	0,87209	3,83721	0,42636	0,87209	3,83721	0,42636	0,87209	3,83721	0,42636	0,87209	3,83721	0,42636	0,87209	
0,6	2	4,08434	0,45382	0,81928	4,08434	0,45382	0,81928	4,08434	0,45382	0,81928	4,08434	0,45382	0,81928	4,08434	0,45382	0,81928	4,08434	0,45382	0,81928	4,08434	0,45382	0,81928	4,08434	0,45382	0,81928	
0,6	3	5,75676	0,63964	0,87838	6,26471	0,69608	0,95588	6,26471	0,69608	0,95588	6,26471	0,69608	0,95588	6,26471	0,69608	0,95588	6,26471	0,69608	0,95588	6,26471	0,69608	0,95588	6,26471	0,69608	0,95588	
0,6	4	2,46207	0,27356	0,75862	2,46207	0,27356	0,75862	2,46207	0,27356	0,75862	2,46207	0,27356	0,75862	2,46207	0,27356	0,75862	2,46207	0,27356	0,75862	2,46207	0,27356	0,75862	2,46207	0,27356	0,75862	
0,6	5	3,2521	0,36134	0,9916	3,2521	0,36134	0,9916	3,2521	0,36134	0,9916	3,2521	0,36134	0,9916	3,2521	0,36134	0,9916	3,2521	0,36134	0,9916	3,2521	0,36134	0,9916	3,2521	0,36134	0,9916	
0,6	6	3,60417	0,40046	0,97917	3,60417	0,40046	0,97917	3,60417	0,40046	0,97917	3,60417	0,40046	0,97917	3,60417	0,40046	0,97917	3,60417	0,40046	0,97917	3,60417	0,40046	0,97917	3,60417	0,40046	0,97917	
0,6	7	4,34211	0,48246	0,85526	4,71429	0,52381	0,92857	4,71429	0,52381	0,92857	4,71429	0,52381	0,92857	4,71429	0,52381	0,92857	4,71429	0,52381	0,92857	4,71429	0,52381	0,92857	4,71429	0,52381	0,92857	
0,6	8	4,20732	0,46748	0,95122	4,20732	0,46748	0,95122	4,20732	0,46748	0,95122	4,20732	0,46748	0,95122	4,20732	0,46748	0,95122	4,20732	0,46748	0,95122	4,20732	0,46748	0,95122	4,20732	0,46748	0,95122	
0,6	9	3,68317	0,40924	0,68317	4,48193	0,49799	0,83133	4	0,44444	0,74194	4,48193	0,49799	0,83133	4	0,44444	0,74194	4,48193	0,49799	0,83133	4	0,44444	0,74194	4,48193	0,49799	0,83133	
0,6	10	6,16364	0,68485	0,89091	6,51923	0,72436	0,94231	6,51923	0,72436	0,94231	6,51923	0,72436	0,94231	6,51923	0,72436	0,94231	6,51923	0,72436	0,94231	6,51923	0,72436	0,94231	6,51923	0,72436	0,94231	
0,7	1	4,55844	0,50649	0,61039	5,16176	0,57353	0,69118	5,16176	0,57353	0,69118	5,16176	0,57353	0,69118	5,16176	0,57353	0,69118	5,16176	0,57353	0,69118	5,16176	0,57353	0,69118	5,16176	0,57353	0,69118	
0,7	2	4,23656	0,47073	0,88172	4,32967	0,48107	0,9011	4,23656	0,47073	0,88172	4,32967	0,48107	0,9011	4,23656	0,47073	0,88172	4,32967	0,48107	0,9011	4,23656	0,47073	0,88172	4,32967	0,48107	0,9011	
0,7	3	3,27679	0,36409	0,73214	3,27679	0,36409	0,73214	3,27679	0,36409	0,73214	3,27679	0,36409	0,73214	3,27679	0,36409	0,73214	3,27679	0,36409	0,73214	3,27679	0,36409	0,73214	3,27679	0,36409	0,73214	
0,7	4	4,57143	0,50794	0,81818	4,57143	0,50794	0,81818	4,57143	0,50794	0,81818	4,57143	0,50794	0,81818	4,57143	0,50794	0,81818	4,57143	0,50794	0,81818	4,57143	0,50794	0,81818	4,57143	0,50794	0,81818	
0,7	5	3,06796	0,34088	0,97087	3,06796	0,34088	0,97087	3,06796	0,34088	0,97087	3,06796	0,34088	0,97087	3,06796	0,34088	0,97087	3,06796	0,34088	0,97087	3,06796	0,34088	0,97087	3,06796	0,34088	0,97087	
0,7	6	4,85897	0,53989	0,96154	4,92208	0,5469	0,97403	4,92208	0,5469	0,97403	4,92208	0,5469	0,97403	4,92208	0,5469	0,97403	4,92208	0,5469	0,97403	4,92208	0,5469	0,97403	4,92208	0,5469	0,97403	
0,7	7	3,81319	0,42369	0,81319	3,85556	0,4284	0,82222	3,85556	0,4284	0,82222	3,85556	0,4284	0,82222	3,85556	0,4284	0,82222	3,85556	0,4284	0,82222	3,85556	0,4284	0,82222	3,85556	0,4284	0,82222	
0,7	8	4,69136	0,52126	0,83951	4,93506	0,54834	0,88312	4,93506	0,54834	0,88312	4,93506	0,54834	0,88312	4,93506	0,54834	0,88312	4,93506	0,54834	0,88312	4,93506	0,54834	0,88312	4,93506	0,54834	0,88312	
0,7	9	3,54167	0,39352	0,625	4,35897	0,48433	0,76923	3,54167	0,39352	0,625	4,35897	0,48433	0,76923	3,54167	0,39352	0,625	4,35897	0,48433	0,76923	3,54167	0,39352	0,625	4,35897	0,48433	0,76923	
0,7	10	6,25	0,69444	0,76786	7,29167	0,81019	0,89583	7,29167	0,81019	0,89583	7,29167	0,81019	0,89583	7,29167	0,81019	0,89583	7,29167	0,81019	0,89583	7,29167	0,81019	0,89583	7,29167	0,81019	0,89583	
0,8	1	4,77778	0,53086	0,98611	4,77778	0,53086	0,98611	4,77778	0,53086	0,98611	4,77778	0,53086	0,98611	4,77778	0,53086	0,98611	4,77778	0,53086	0,98611	4,77778	0,53086	0,98611	4,77778	0,53086	0,98611	
0,8	2	5,5	0,61111	0,73438	7,33333	0,81481	0,97917	5,5	0,61111	0,73438	7,33333	0,81481	0,97917	5,5	0,61111	0,73438	7,33333	0,81481	0,97917	5,5	0,61111	0,73438	7,33333	0,81481	0,97917	
0,8	3	3,61765	0,40196	1	3,61765	0,40196	1	3,61765	0,40196	1	3,61765	0,40196	1	3,61765	0,40196	1	3,61765	0,40196	1	3,61765	0,40196	1	3,61765	0,40196	1	
0,8	4	5,55385	0,61709	1	5,55385	0,61709	1	5,55385	0,61709	1	5,55385	0,61709	1	5,55385	0,61709	1	5,55385	0,61709	1	5,55385	0,61709	1	5,55385	0,61709	1	
0,8	5	6,57895	0,73099	0,98246	6,57895	0,73099	0,98246	6,57895	0,73099	0,98246	6,57895	0,73099	0,98246	6,57895	0,73099	0,98246	6,57895	0,73099	0,98246	6,57895	0,73099	0,98246	6,57895	0,73099	0,98246	
0,8	6	5,82759	0,64751	1	5,82759	0,64751	1	5,82759	0,64751	1	5,82759	0,64751	1	5,82759	0,64751	1	5,82759	0,64751	1	5,82759	0,64751	1	5,82759	0,64751	1	
0,8	7	3,76923	0,4188	0,91346	3,76923	0,4188	0,91346	3,76923	0,4188	0,91346	3,76923	0,4188	0,91346	3,76923	0,4188	0,91346	3,76923	0,4188	0,91346	3,76923	0,4188	0,91346	3,76923	0,4188	0,91346	
0,8	8	6,42623	0,71403	1	6,42623	0,71403	1	6,42623	0,71403	1	6,42623	0,71403	1	6,42623	0,71403	1	6,42623	0,71403	1	6,42623	0,71403	1	6,42623	0,71403	1	
0,8	9	6,52542	0,72505	0,76271	6,52542	0,72505	0,76271	6,52542	0,72505	0,76271	6,52542	0,72505	0,76271	6,52542	0,72505	0,76271	6,52542	0,72505	0,76271	6,52542	0,72505	0,76271	6,52542	0,72505	0,76271	
0,8	10	6,21818	0,69091	0,90909	6,21818	0,69091	0,90909	6,21818	0,69091	0,90909	6,21818	0,69091	0,90909	6,21818	0,69091	0,90909	6,21818	0,69091	0,90909	6,21818	0,69091	0,90909	6,21818	0,69091	0,90909	
0,9	1	10,45714	1,1619	0,82857	10,45714	1,1619	0,82857	10,45714	1,1619	0,82857	10,45714	1,1619	0,82857	10,45714	1,1619	0,82857	10,45714	1,1619	0,82857	10,45714	1,1619	0,82857	10,45714	1,1619	0,82857	
0,9	2	6,25	0,69444	0,96429	6,25	0,69444	0,96429	6,25	0,69444	0,96429	6,25	0,69444	0,96429	6,25	0,69444	0,96429	6,25	0,69444	0,96429	6,25	0,69444	0,96429	6,25	0,69444	0,96429	
0,9	3	7,4898	0,8322	0,97959	7,4898	0,8322	0,97959	7,4898	0,8322	0,97959	7,4898	0,8322	0,97959	7,4898	0,8322	0,97959	7,4898	0,8322	0,97959	7,4898	0,8322	0,97959	7,4898	0,8322	0,97959	
0,9	4	6,55769	0,72863	0,98077	6,55769	0,72863	0,98077	6,55769	0,72863	0,98077	6,55769	0,72863	0,98077	6,55769	0,72863	0,98077	6,55769	0,72863	0,98077	6,55769	0,72863	0,98077	6,55769	0,72863	0,98077	
0,9	5	8,58537	0,95393	1	8,58537	0,95393	1	8,58537	0,95393	1	8,58537	0,95393	1	8,58537	0,95393	1	8,58537	0,95393	1	8,58537	0,95393	1	8,58537	0,95393	1	
0,9	6	10,48485	1,16498	0,93939	11,16129	1,24014	1	10,8125	1,20139	0,96875	11,16129	1,24014	1	10,8125	1,20139	0,96875	11,16129	1,24014	1	10,8125	1,20139	0,96875	11,16129	1,24014	1	
0,9	7	8,76316	0,97368	1	8,76316	0,97368	1	8,76316	0,97368	1	8,76316	0,97368	1	8,76316	0,97368	1	8,76316	0,97368	1	8,76316	0,97368	1	8,76316	0,97368	1	
0,9	8	7,38889	0,82099	0,92593	7,38889	0,82099	0,92593	7,38889	0,82099	0,92593	7,38889	0,82099	0,92593	7,38889	0,82099	0,92593	7,38889	0,82099	0,92593	7,38889	0,82099	0,92593	7,38889	0,82099	0,92593	
0,9	9	8,35	0,92778	0,975	8,35	0,92778	0,975	8,35	0,92778	0,975	8,35	0,92778	0,975	8,35	0,92778	0,975	8,35	0,92778	0,975	8,35	0,92778	0,975	8,35	0,92778	0,975	
0,9	10	4,95833	0,55093	1	4,95833	0,55093	1	4,95833	0,55093	1	4,95833	0,55093	1	4,95833	0,55093	1	4,95833	0,55093	1	4,95833	0,55093	1	4,95833	0,55093	1	
