k	Задача	0				1				2				3				4				5				
0,1	1	0,12839	0,01427	0,0325	391	0,16568	0,01841	0,04194	200	0,09511	0,01057	0,02407	166	2,56989	0,28554	0,65054	234	1,99167	0,2213	0,50417	186	1,78358	0,19818	0,45149	152	
0,1	2	0,13911	0,01546	0,04013	132	0,13358	0,01484	0,03854	145	0,12975	0,01442	0,03743	149	0,4524	0,05027	0,13052	167	0,29307	0,03256	0,08455	163	0,66812	0,07424	0,19275	151	
0,1	3	0,1614	0,01793	0,03942	140	0,13021	0,01447	0,0318	196	0,14267	0,01585	0,03485	161	0,9977	0,11086	0,24368	201	0,96875	0,10764	0,23661	176	1,17935	0,13104	0,28804	159	
0,1	4	0,10886	0,0121	0,0271	187	0,15237	0,01693	0,03793	157	0,14142	0,01571	0,03521	154	0,51732	0,05748	0,12879	172	0,44631	0,04959	0,11111	157	0,47047	0,05227	0,11713	150	
0,1	5	0,15965	0,01774	0,04675	142	0,1499	0,01666	0,04389	195	0,13187	0,01465	0,03861	138	2,3871	0,26523	0,69892	159	2,16585	0,24065	0,63415	151	1,67547	0,18616	0,49057	153	
0,1	6	0,10267	0,01141	0,03778	147	0,10863	0,01207	0,03997	143	0,16915	0,01879	0,06224	187	0,50056	0,05562	0,18418	167	0,60354	0,06706	0,22207	158	0,60602	0,06734	0,22298	139	
0,1	7	0,23736	0,02637	0,03566	133	0,17847	0,01983	0,02681	121	0,20686	0,02298	0,03108	108	1,85062	0,20562	0,27801	164	2,59302	0,28811	0,38953	150	2,95364	0,32818	0,44371	144	
0,1	8	0,13648	0,01516	0,02966	120	0,12431	0,01381	0,02701	158	0,22188	0,02465	0,04821	96	1,45578	0,16175	0,31633	146	1,43144	0,15905	0,31104	143	1,37179	0,15242	0,29808	139	
0,1	9	0,14117	0,01569	0,01617	119	0,10241	0,01138	0,01173	114	0,13948	0,0155	0,01598	102	2,03587	0,22621	0,23318	151	0,70938	0,07882	0,08125	149	3,00662	0,33407	0,34437	143	
0,1	10	0,25671	0,02852	0,05201	123	0,15295	0,01699	0,03099	138	0,13464	0,01496	0,02728	143	0,99566	0,11063	0,20174	145	1,02915	0,11435	0,20852	149	1,17391	0,13043	0,23785	160	
0,2	1	0,27853	0,03095	0,06378	109	0,22559	0,02507	0,05166	125	0,31925	0,03547	0,07311	98	2,0786	0,23096	0,47598	151	2,125	0,23611	0,48661	142	1,73723	0,19303	0,39781	133	
0,2	2	0,36335	0,04037	0,08606	128	0,3302	0,03669	0,0782	116	0,22375	0,02486	0,05299	103	1,74046	0,19338	0,41221	145	2,07273	0,2303	0,49091	144	1,64621	0,18291	0,38989	132	
0,2	3	0,30634	0,03404	0,04571	107	0,25655	0,02851	0,03828	103	0,25846	0,02872	0,03857	89	3,10569	0,34508	0,46341	141	2,91603	0,324	0,43511	130	2,46452	0,27384	0,36774	131	
0,2	4	0,39455	0,04384	0,07293	111	0,24549	0,02728	0,04538	103	0,28635	0,03182	0,05293	93	1,9188	0,2132	0,3547	158	1,54828	0,17203	0,28621	151	1,34835	0,14982	0,24925	143	
0,2	5	0,24344	0,02705	0,061	113	0,30964	0,0344	0,07759	108	0,26456	0,0294	0,06629	99	2,70253	0,30028	0,67722	142	1,96774	0,21864	0,49309	138	2,45402	0,27267	0,61494	136	
0,2	6	0,49026	0,05447	0,14719	118	0,33882	0,03765	0,10172	132	0,29608	0,0329	0,08889	105	3,08163	0,3424	0,92517	137	2,77914	0,30879	0,83436	130	2,88535	0,32059	0,86624	131	
0,2	7	0,48453	0,05384	0,06403	83	0,29849	0,03317	0,03945	89	0,34604	0,03845	0,04573	86	4,09009	0,45445	0,54054	133	3,78333	0,42037	0,5	128	2,85535	0,31726	0,37736	134	
0,2	8	0,30759	0,03418	0,0544	96	0,2481	0,02757	0,04388	90	0,39212	0,04357	0,06935	89	3,7541	0,41712	0,66393	158	2,31313	0,25701	0,40909	167	2,57303	0,28589	0,45506	155	
0,2	9	0,3277	0,03641	0,06098	94	0,24668	0,02741	0,04591	95	0,23002	0,02556	0,04281	96	1,05938	0,11771	0,19715	155	1,92241	0,2136	0,35776	135	2,68675	0,29853	0,5	128	
0,2	10	0,50612	0,05624	0,1079	108	0,36284	0,04032	0,07735	93	0,39565	0,04396	0,08435	110	3,15972	0,35108	0,67361	141	3,01325	0,33481	0,64238	128	3,09524	0,34392	0,65986	114	
0,3	1	0,67783	0,07531	0,13557	97	0,65284	0,07254	0,13057	86	0,45748	0,05083	0,0915	86	3,24427	0,36047	0,64885	138	2,62346	0,2915	0,52469	131	2,57576	0,2862	0,51515	126	
0,3	2	0,89013	0,0989	0,11883	90	0,77843	0,08649	0,10392	82	0,61171	0,06797	0,08166	85	5,92537	0,65837	0,79104	145	5,15584	0,57287	0,68831	154	4,72619	0,52513	0,63095	132	
0,3	3	0,5935	0,06594	0,09756	97	0,4572	0,0508	0,07516	83	0,65667	0,07296	0,10795	96	5,15294	0,57255	0,84706	156	4,25243	0,47249	0,69903	134	4,76087	0,52899	0,78261	147	
0,3	4	0,76817	0,08535	0,1436	111	0,40585	0,04509	0,07587	104	0,61581	0,06842	0,11512	95	2,26531	0,2517	0,42347	188	2,48045	0,27561	0,46369	165	2,96	0,32889	0,55333	163	
0,3	5	0,55922	0,06214	0,08791	104	0,57393	0,06377	0,09023	92	0,68155	0,07573	0,10714	98	2,4492	0,27213	0,38503	159	1,66545	0,18505	0,26182	145	2,60227	0,28914	0,40909	145	
0,3	6	0,39092	0,04344	0,11955	106	0,34172	0,03797	0,1045	112	0,51613	0,05735	0,15783	87	1,6	0,17778	0,48929	126	1,38272	0,15364	0,42284	129	1,3913	0,15459	0,42547	120	
0,3	7	0,48152	0,0535	0,07075	104	0,48875	0,05431	0,07181	102	0,45193	0,05021	0,0664	91	2,78049	0,30894	0,40854	159	3,61905	0,40212	0,53175	152	3,37778	0,37531	0,4963	145	
0,3	8	0,56715	0,06302	0,13789	103	0,38023	0,04225	0,09244	86	0,56444	0,06272	0,13723	101	3,69531	0,41059	0,89844	149	3,13245	0,34805	0,76159	133	2,88415	0,32046	0,70122	131	
0,3	9	0,44645	0,04961	0,08246	114	0,60696	0,06744	0,11211	93	1,01509	0,11279	0,1875	87	5,41379	0,60153	1	137	3,95798	0,43978	0,73109	119	4,80612	0,53401	0,88776	127	
0,3	10	0,70943	0,07883	0,12828	94	0,72057	0,08006	0,1303	89	0,30297	0,03366	0,05479	102	3,9569	0,43966	0,71552	146	3,50382	0,38931	0,63359	135	3,88983	0,4322	0,70339	145	
0,4	1	0,8497	0,09441	0,10621	93	1,03415	0,11491	0,12927	85	1,19101	0,13233	0,14888	95	4	0,44444	0,5	142	3,16418	0,35158	0,39552	140	2,36872	0,26319	0,29609	133	
0,4	2	0,894	0,09933	0,1	91	0,96544	0,10727	0,10799	85	1,05674	0,11742	0,1182	80	5,88158	0,65351	0,65789	154	4,96667	0,55185	0,55556	150	4,02703	0,44745	0,45045	151	
0,4	3	1,78689	0,19854	0,2541	93	1,05825	0,11758	0,15049	114	1,13247	0,12583	0,16104	74	6,05556	0,67284	0,86111	161	5,06977	0,56331	0,72093	145	4,6383	0,51537	0,65957	138	
0,4	4	0,72305	0,08034	0,1675	102	0,68232	0,07581	0,15806	87	0,86508	0,09612	0,2004	82	4,31683	0,47965	1	164	4,15238	0,46138	0,9619	152	3,92793	0,43644	0,90991	129	
0,4	5	0,70487	0,07832	0,12402	104	0,74833	0,08315	0,13167	79	0,61005	0,06778	0,10734	100	4,35922	0,48436	0,76699	151	4,27619	0,47513	0,75238	137	4,23585	0,47065	0,74528	133	
0,4	6	0,91535	0,10171	0,10236	101	0,9728	0,10809	0,10879	92	0,73693	0,08188	0,08241	106	4,00862	0,4454	0,44828	144	6,2	0,68889	0,69333	136	2,90625	0,32292	0,325	125	
0,4	7	0,72364	0,0804	0,16933	102	0,87621	0,09736	0,20503	98	0,75374	0,08375	0,17637	87	3,06081	0,34009	0,71622	143	2,47541	0,27505	0,57923	141	2,92258	0,32473	0,68387	129	
0,4	8	0,73585	0,08176	0,12579	102	0,7813	0,08681	0,13356	84	0,60309	0,06701	0,10309	91	4,5	0,5	0,76923	150	4,03448	0,44828	0,68966	144	4,10526	0,45614	0,70175	158	
0,4	9	0,8084	0,08982	0,15462	98	0,74114	0,08235	0,14176	99	0,78982	0,08776	0,15107	79	4,49533	0,49948	0,85981	152	3,87903	0,431	0,74194	153	3,75781	0,41753	0,71875	145	
0,4	10	0,95483	0,10609	0,16222	114	1,17128	0,13014	0,19899	98	1,31728	0,14636	0,2238	85	3,16327	0,35147	0,53741	160	3,2069	0,35632	0,54483	162	3,18493	0,35388	0,5411	152	
0,5	1	1,43168	0,15908	0,24534	100	0,922	0,10244	0,158	95	1,29132	0,14348	0,22129	90	4,0087	0,44541	0,68696	153	5,62195	0,62466	0,96341	147	5,01087	0,55676	0,8587	142	
0,5	2	1,69512	0,18835	0,21138	91	1,40878	0,15653	0,17568	80	1,48929	0,16548	0,18571	94	7,18966	0,79885	0,89655	157	6,22388	0,69154	0,77612	141	5,87324	0,65258	0,73239	126	
0,5	3	0,86486	0,0961	0,28764	98	0,65593	0,07288	0,21816	88	0,84848	0,09428	0,2822	83	2,50279	0,27809	0,8324	169	2,2069	0,24521	0,73399	146	2,11321	0,2348	0,70283	149	
0,5	4	1,68166	0,18685	0,2699	94	1,38857	0,15429	0,22286	91	1,59868	0,17763	0,25658	97	3,65414	0,40602	0,58647	145	4,30088	0,47788	0,69027	137	4,41818	0,49091	0,70909	133	
0,5	5	2,64286	0,29365	0,29762	86	1,20652	0,13406	0,13587	86	1,45098	0,16122	0,1634	98	7,92857	0,88095	0,89286	139	6,08219	0,6758	0,68493	143	5,84211	0,64912	0,65789	142	
0,5	6	1,12679	0,1252	0,25598	99	0,99158	0,11018	0,22526	81	0,74881	0,0832	0,17011	90	3,36429	0,37381	0,76429	161	2,98101	0,33122	0,67722	147	3,43796	0,382	0,78102	150	
0,5	7	1,69685	0,18854	0,23622	86	1,70356	0,18928	0,23715	78	1,08291	0,12032	0,15075	92	5,07059	0,5634	0,70588	150	4,68478	0,52053	0,65217	146	5,01163	0,55685	0,69767	130	
0,5	8	1,55326	0,17258	0,2646	95	1,14141	0,12682	0,19444	85	1,29513	0,1439	0,22063	90	4,75789	0,52865	0,81053	154	4,2243	0,46937	0,71963	142	4,18518	0,46502	0,71296	136	
0,5	9	1,62016	0,18002	0,27907	87	1,11467	0,12385	0,192	90	1,17746	0,13083	0,20282	78	4,01923	0,44658	0,69231	142	3,45455	0,38384	0,59504	142	2,96454	0,32939	0,51064	137	
0,5	10	1,01878	0,1132	0,21596	100	0,94967	0,10552	0,20131	81	1,05085	0,11676	0,22276	92	4,56842	0,5076	0,96842	151	4,34	0,48222	0,92	136	4,56842	0,5076	0,96842	130	
0,6	1	2,79191	0,31021	0,39884	91	1,90909	0,21212	0,27273	95	1,56818	0,17424	0,22403	80	6,52703	0,72523	0,93243	148	6,11392	0,67932	0,87342	136	4,43119	0,49235	0,63303	122	
0,6	2	1,59364	0,17707	0,24028	92	2,37368	0,26374	0,35789	78	1,31487	0,1461	0,19825	93	5,43373	0,60375	0,81928	155	5,125	0,56944	0,77273	131	4,95604	0,55067	0,74725	144	
0,6	3	2,5	0,27778	0,49451	89	2,03125	0,22569	0,40179	80	1,35417	0,15046	0,26786	85	4,64286	0,51587	0,91837	159	4,41748	0,49083	0,87379	148	4,375	0,48611	0,86538	149	
0,6	4	1,73061	0,19229	0,33469	97	1,64981	0,18331	0,31907	84	1,61832	0,17981	0,31298	78	3,11765	0,34641	0,60294	182	2,58537	0,28726	0,5	148	2,66667	0,2963	0,51572	156	
0,6	5	1,45098	0,16122	0,21242	90	1,79757	0,19973	0,26316	98	1,97333	0,21926	0,28889	76	6,83077	0,75897	1	134	4,7234	0,52482	0,69149	140	6,83077	0,75897	1	130	
0,6	6	1,42415	0,15824	0,34675	91	1,63121	0,18125	0,39716	80	1,00877	0,11209	0,24561	93	3,83333	0,42593	0,93333	170	3,00654	0,33406	0,73203	149	2,78788	0,30976	0,67879	144	
0,6	7	1,71315	0,19035	0,32271	97	1,86957	0,20773	0,35217	79	1,61654	0,17962	0,30451	85	4,72527	0,52503	0,89011	149	5,18072	0,57564	0,9759	128	4,25743	0,47305	0,80198	128	
0,6	8	1,58528	0,17614	0,26756	94	1,5	0,16667	0,25316	76	1,41493	0,15721	0,23881	86	4,60194	0,51133	0,7767	161	3,82258	0,42473	0,64516	148	4,05128	0,45014	0,68376	140	
0,6	9	2,19355	0,24373	0,31183	158	1,57529	0,17503	0,22394	138	1,33333	0,14815	0,18954	151	4,91566	0,54618	0,6988	292	4,58427	0,50936	0,65169	283	3,92308	0,4359	0,55769	285	
0,6	10	2,79739	0,31082	0,41176	133	1,51237	0,16804	0,22261	246	1,54513	0,17168	0,22744	114	4,50526	0,50058	0,66316	260	4,45833	0,49537	0,65625	270	4,23762	0,47085	0,62376	229	
0,7	1	2,76543	0,30727	0,25309	180	1,95633	0,21737	0,17904	195	1,77075	0,19675	0,16206	168	8,2963	0,92181	0,75926	268	5,97333	0,6637	0,54667	329	5,39759	0,59973	0,49398	276	
0,7	2	3,24658	0,36073	0,28767	108	2,50794	0,27866	0,22222	207	2,89024	0,32114	0,2561	169	6,49315	0,72146	0,57534	398	6,67606	0,74178	0,59155	337	5,32584	0,59176	0,47191	248	
0,7	3	3,23611	0,35957	0,47222	178	2,30693	0,25633	0,33663	148	2,56044	0,28449	0,37363	164	6,75362	0,7504	0,98551	294	5,17778	0,57531	0,75556	278	5,4186	0,60207	0,7907	229	
0,7	4	3,03378	0,33709	0,33784	128	2,46703	0,27411	0,27473	157	2,84177	0,31575	0,31646	214	8,31481	0,92387	0,92593	288	7,01562	0,77951	0,78125	342	5,90789	0,65643	0,65789	204	
0,7	5	5,22353	0,58039	0,44706	116	3,0411	0,3379	0,26027	218	3,12676	0,34742	0,26761	149	7,4	0,82222	0,63333	157	6,83077	0,75897	0,58462	139	4,48485	0,49832	0,38384	142	
0,7	6	2,3027	0,25586	0,39459	81	2,39326	0,26592	0,41011	77	2,97902	0,331	0,51049	76	5,75676	0,63964	0,98649	147	5,75676	0,63964	0,98649	133	4,95349	0,55039	0,84884	122	
0,7	7	2,22564	0,24729	0,31795	87	3,07801	0,342	0,43972	76	3,1	0,34444	0,44286	72	5,49367	0,61041	0,78481	165	4,98851	0,55428	0,71264	158	3,98165	0,44241	0,56881	156	
0,7	8	2,85987	0,31776	0,29936	74	2,58046	0,28672	0,27011	75	2,37566	0,26396	0,24868	75	6,32394	0,70266	0,66197	170	4,35922	0,48436	0,45631	152	4,15741	0,46193	0,43519	144	
0,7	9	2,62658	0,29184	0,5443	81	2,86207	0,31801	0,5931	69	1,70082	0,18898	0,35246	84	4,46237	0,49582	0,92473	164	3,95238	0,43915	0,81905	139	3,4874	0,38749	0,72269	141	
0,7	10	4,28	0,47556	0,63	81	2,64198	0,29355	0,38889	74	2,18367	0,24263	0,32143	89	5,21951	0,57995	0,76829	160	4,55319	0,50591	0,67021	133	5,28395	0,58711	0,77778	134	
0,8	1	3,00645	0,33405	0,4129	79	2,69364	0,29929	0,36994	69	3,30496	0,36722	0,4539	66	6,05195	0,67244	0,83117	164	5,54762	0,6164	0,7619	153	5,75309	0,63923	0,79012	165	
0,8	2	5,68293	0,63144	0,57317	93	2,72515	0,30279	0,27485	84	4,35514	0,4839	0,43925	89	8,03448	0,89272	0,81034	170	7,8983	0,87759	0,79661	156	6,95522	0,7728	0,70149	154	
0,8	3	5,93151	0,65906	0,82192	94	2,94558	0,32729	0,40816	84	2,98621	0,3318	0,41379	77	6,27536	0,69726	0,86957	158	5,77333	0,64148	0,8	155	5,15476	0,57275	0,71429	162	
0,8	4	4,52475	0,50275	0,52475	81	3,80833	0,42315	0,44167	70	3,62698	0,403	0,42063	79	7,4918	0,83242	0,86885	188	6,62319	0,73591	0,76812	175	8,62264	0,95807	1	185	
0,8	5	4,92391	0,5471	0,43478	77	3,45802	0,38422	0,30534	71	4,04464	0,4494	0,35714	93	11,325	1,25833	1	188	8,38889	0,9321	0,74074	176	7,55	0,83889	0,66667	167	
0,8	6	5,62338	0,62482	0,54545	96	4,51042	0,50116	0,4375	91	3,49194	0,38799	0,33871	91	7,59649	0,84405	0,73684	203	6,66154	0,74017	0,64615	187	6,98387	0,77599	0,67742	199	
0,8	7	4,42391	0,49155	0,46739	97	4,73256	0,52584	0,5	101	4,11111	0,45679	0,43434	87	9,46512	1,05168	1	178	7,14035	0,79337	0,75439	167	6,46032	0,71781	0,68254	163	
0,8	8	4,4	0,48889	0,77	104	2,9932	0,33258	0,52381	103	3,0137	0,33486	0,5274	82	5,71429	0,63492	1	195	4,19048	0,46561	0,73333	177	5,56962	0,61885	0,97468	174	
0,8	9	3,79817	0,42202	0,31193	98	5,11111	0,5679	0,41975	94	4,54945	0,50549	0,37363	90	6,36923	0,70769	0,52308	209	7,39286	0,82143	0,60714	184	7,66667	0,85185	0,62963	194	
0,8	10	6,27397	0,69711	0,76712	101	4,16364	0,46263	0,50909	100	4,3619	0,48466	0,53333	76	6,63768	0,73752	0,81159	209	5,79747	0,64416	0,70886	192	6,54286	0,72698	0,8	189	
0,9	1	7,69355	0,85484	0,58065	87	6,625	0,73611	0,5	81	6,44595	0,71622	0,48649	84	11,35714	1,2619	0,85714	200	7,81967	0,86885	0,59016	197	7,81967	0,86885	0,59016	191	
0,9	2	4,74468	0,52719	0,7766	98	3,9469	0,43854	0,64602	88	3,7479	0,41643	0,61345	104	6,02703	0,66967	0,98649	210	5,86842	0,65205	0,96053	193	5,06818	0,56313	0,82955	196	
0,9	3	8,39623	0,93291	0,69811	81	6,64179	0,73798	0,55224	91	6,18056	0,68673	0,51389	84	11,125	1,23611	0,925	211	7,54237	0,83804	0,62712	178	7,17742	0,79749	0,59677	178	
0,9	4	8,22641	0,91405	0,79245	80	5,38272	0,59808	0,51852	84	6,22857	0,69206	0,6	88	9,47826	1,05314	0,91304	202	7,14754	0,79417	0,68852	179	7,64912	0,8499	0,73684	176	
0,9	5	8,5	0,94444	0,71429	88	6,8	0,75556	0,57143	100	5,87654	0,65295	0,49383	102	10,57778	1,17531	0,88889	187	7,80328	0,86703	0,65574	219	8,98113	0,9979	0,75472	186	
0,9	6	6,79412	0,7549	0,86765	96	5,5	0,61111	0,70238	112	5,5	0,61111	0,70238	83	7,83051	0,87006	1	229	6,50704	0,723	0,83099	190	7,83051	0,87006	1	184	
0,9	7	6,77778	0,75309	0,85714	94	5,20732	0,57859	0,65854	106	5,61842	0,62427	0,71053	77	7,76364	0,86263	0,98182	210	7,76364	0,86263	0,98182	190	7,625	0,84722	0,96429	188	
0,9	8	8,4717	0,9413	0,73585	86	5,98667	0,66519	0,52	89	6,50725	0,72303	0,56522	73	11,51282	1,2792	1	218	6,70149	0,74461	0,58209	204	7,36066	0,81785	0,63934	219	
0,9	9	5,14773	0,57197	0,61364	99	5,08989	0,56554	0,60674	86	4,71875	0,52431	0,5625	79	6,76119	0,75124	0,80597	220	5,6625	0,62917	0,675	230	6,56522	0,72947	0,78261	197	
0,9	10	8,15385	0,90598	0,94231	80	4,81818	0,53535	0,55682	84	4,87356	0,54151	0,56322	82	8,65306	0,96145	1	197	7,4386	0,82651	0,85965	183	5,72973	0,63664	0,66216	203	
