k	Задача	0				1				2				3				4				5				
0,1	1	0,18628	0,0207	0,01636	184	0,20351	0,02261	0,01787	218	0,18812	0,0209	0,01652	161	0,82465	0,09163	0,07243	354	0,6301	0,07001	0,05534	331	0,67534	0,07504	0,05931	305	
0,1	2	0,1363	0,01514	0,021	253	0,14653	0,01628	0,02258	205	0,14014	0,01557	0,02159	213	0,56054	0,06228	0,08637	388	0,58584	0,06509	0,09027	333	0,75142	0,08349	0,11578	325	
0,1	3	0,15996	0,01777	0,02096	212	0,21544	0,02394	0,02823	191	0,11512	0,01279	0,01508	217	0,51235	0,05693	0,06713	377	0,5216	0,05796	0,06834	321	0,86234	0,09582	0,11299	336	
0,1	4	0,2096	0,02329	0,03839	207	0,18728	0,02081	0,0343	203	0,22635	0,02515	0,04146	169	0,93122	0,10347	0,17056	359	0,97974	0,10886	0,17945	310	1,13211	0,12579	0,20736	314	
0,1	5	0,1391	0,01546	0,02543	225	0,13474	0,01497	0,02463	217	0,15587	0,01732	0,02849	185	1,43498	0,15944	0,26233	342	1,09402	0,12156	0,2	327	1,00787	0,11199	0,18425	309	
0,1	6	0,28169	0,0313	0,03037	197	0,13117	0,01457	0,01414	187	0,2	0,02222	0,02156	158	2,43346	0,27038	0,26236	308	2,27758	0,25306	0,24555	254	2,84444	0,31605	0,30667	251	
0,1	7	0,16026	0,01781	0,03919	197	0,10398	0,01155	0,02542	222	0,13031	0,01448	0,03186	219	1,729	0,19211	0,42276	269	1,92169	0,21352	0,46988	236	1,51905	0,16878	0,37143	236	
0,1	8	0,17445	0,01938	0,02364	169	0,18608	0,02068	0,02522	166	0,26755	0,02973	0,03626	162	0,58829	0,06537	0,07972	278	0,57666	0,06407	0,07814	299	1,03922	0,11547	0,14082	281	
0,1	9	0,11053	0,01228	0,01366	212	0,15503	0,01723	0,01916	189	0,17795	0,01977	0,02199	200	1,85801	0,20645	0,22961	381	2,43083	0,27009	0,3004	345	2,47984	0,27554	0,30645	327	
0,1	10	0,2103	0,02337	0,02525	181	0,12002	0,01334	0,01441	197	0,13276	0,01475	0,01594	204	6,59375	0,73264	0,79167	316	2,6157	0,29063	0,31405	272	2,16781	0,24087	0,26027	272	
0,2	1	0,3091	0,03434	0,06018	202	0,30644	0,03405	0,05967	196	0,25406	0,02823	0,04947	187	3,82143	0,4246	0,74405	372	2,84071	0,31563	0,5531	286	3,24242	0,36027	0,63131	272	
0,2	2	0,29286	0,03254	0,04588	175	0,29981	0,03331	0,04696	190	0,30009	0,03334	0,04701	197	2,80889	0,3121	0,44	339	2,73593	0,30399	0,42857	252	1,8979	0,21088	0,2973	291	
0,2	3	0,22932	0,02548	0,03479	175	0,35691	0,03966	0,05414	190	0,33822	0,03758	0,05131	204	1,08571	0,12063	0,16471	368	0,81772	0,09086	0,12405	338	0,59484	0,06609	0,09024	298	
0,2	4	0,32512	0,03612	0,03555	191	0,2662	0,02958	0,0291	222	0,36354	0,04039	0,03975	176	1,80526	0,20058	0,19737	368	3,3301	0,37001	0,36408	318	2,52206	0,28023	0,27574	293	
0,2	5	0,25489	0,02832	0,03576	205	0,36101	0,04011	0,05065	227	0,21073	0,02341	0,02956	189	1,40596	0,15622	0,19725	351	1,33551	0,14839	0,18736	311	1,32112	0,14679	0,18534	320	
0,2	6	0,36042	0,04005	0,03889	197	0,35628	0,03959	0,03844	200	0,41071	0,04563	0,04431	158	4,25342	0,4726	0,4589	379	3,50847	0,38983	0,37853	304	3,54857	0,39429	0,38286	370	
0,2	7	0,46352	0,0515	0,05969	187	0,49256	0,05473	0,06343	220	0,44048	0,04894	0,05672	200	2,30403	0,256	0,2967	384	2,23843	0,24871	0,28826	316	1,75698	0,19522	0,22626	344	
0,2	8	0,27063	0,03007	0,03944	199	0,28771	0,03197	0,04193	195	0,29805	0,03312	0,04343	196	2,56223	0,28469	0,37339	379	2,27863	0,25318	0,33206	316	2,985	0,33167	0,435	329	
0,2	9	0,31988	0,03554	0,06357	200	0,25249	0,02805	0,05018	207	0,26605	0,02956	0,05287	180	1,06914	0,11879	0,21248	384	2,28881	0,25431	0,45487	334	2,04516	0,22724	0,40645	335	
0,2	10	1,07885	0,11987	0,09677	184	0,41289	0,04588	0,03704	200	0,44461	0,0494	0,03988	169	1,56364	0,17374	0,14026	383	2,06164	0,22907	0,18493	334	1,55556	0,17284	0,13953	337	
0,3	1	0,59865	0,06652	0,0616	179	0,58077	0,06453	0,05976	169	0,55486	0,06165	0,05709	177	2,15972	0,23997	0,22222	374	3,07921	0,34213	0,31683	327	2,35606	0,26178	0,24242	350	
0,3	2	0,68421	0,07602	0,06751	170	0,64163	0,07129	0,0633	173	0,41384	0,04598	0,04083	152	1,22541	0,13616	0,1209	428	1,35909	0,15101	0,13409	390	3,32222	0,36914	0,32778	412	
0,3	3	0,77075	0,08564	0,0751	186	0,43985	0,04887	0,04286	195	0,3826	0,04251	0,03728	164	6,3587	0,70652	0,61957	352	5,96939	0,66327	0,58163	337	5,73529	0,63725	0,55882	354	
0,3	4	0,53797	0,05977	0,0625	197	0,53755	0,05973	0,06245	188	0,51282	0,05698	0,05958	183	4,09639	0,45515	0,4759	345	3,22275	0,35808	0,37441	318	4,56376	0,50708	0,5302	294	
0,3	5	0,65773	0,07308	0,07629	188	0,64379	0,07153	0,07467	227	0,64315	0,07146	0,0746	151	2,98131	0,33126	0,34579	430	2,83556	0,31506	0,32889	391	1,89318	0,21035	0,21958	328	
0,3	6	1,82825	0,20314	0,20776	161	0,48998	0,05444	0,05568	196	0,5042	0,05602	0,0573	160	3,18841	0,35427	0,36232	361	3,40206	0,37801	0,3866	371	3,14286	0,34921	0,35714	305	
0,3	7	1,3102	0,14558	0,1128	170	0,83196	0,09244	0,07163	177	0,63379	0,07042	0,05456	196	5,39286	0,59921	0,46429	312	4,19444	0,46605	0,36111	289	3,97368	0,44152	0,34211	276	
0,3	8	0,96506	0,10723	0,10483	169	0,58116	0,06457	0,06313	165	0,84302	0,09367	0,09157	163	0,98139	0,10904	0,1066	385	1,27193	0,14133	0,13816	336	1,79012	0,1989	0,19444	323	
0,3	9	0,47583	0,05287	0,04079	174	1,24506	0,13834	0,10672	166	1,04651	0,11628	0,0897	178	5,47826	0,6087	0,46957	386	4,66667	0,51852	0,4	334	6,1165	0,67961	0,52427	302	
0,3	10	0,98655	0,10962	0,14051	196	0,64453	0,07161	0,0918	152	0,65541	0,07282	0,09335	150	2,6087	0,28986	0,37154	409	2,31579	0,25731	0,32982	343	1,45055	0,16117	0,20659	345	
0,4	1	0,87483	0,0972	0,08389	317	0,85436	0,09493	0,08192	299	1,75668	0,19519	0,16845	279	5,09302	0,56589	0,48837	632	4,29412	0,47712	0,41176	723	4,97727	0,55303	0,47727	719	
0,4	2	0,85452	0,09495	0,09605	368	0,84615	0,09402	0,0951	498	0,72979	0,08109	0,08203	235	7,75641	0,86182	0,87179	806	6,875	0,76389	0,77273	722	5,40179	0,6002	0,60714	642	
0,4	3	1,00156	0,11129	0,18936	386	0,72316	0,08035	0,13672	584	0,69641	0,07738	0,13166	376	5,12	0,56889	0,968	885	4,02516	0,44724	0,76101	509	4,10256	0,45584	0,77564	369	
0,4	4	1,04746	0,11638	0,09322	173	0,82731	0,09192	0,07363	189	1,14233	0,12693	0,10166	151	5,28205	0,58689	0,47009	409	5,42105	0,60234	0,48246	338	6,24242	0,6936	0,55556	304	
0,4	5	1,39574	0,15508	0,15532	190	1,12329	0,12481	0,125	159	0,96047	0,10672	0,10688	158	5,20635	0,57848	0,57937	380	7,90361	0,87818	0,87952	375	7,54023	0,8378	0,83908	346	
0,4	6	0,72444	0,08049	0,07778	174	1,71579	0,19064	0,18421	148	1,17902	0,131	0,12658	208	8,46753	0,94084	0,90909	333	7,85542	0,87282	0,84337	278	6,45545	0,71727	0,69307	318	
0,4	7	1,18659	0,13184	0,09601	159	1,03639	0,11515	0,08386	170	1,18445	0,13161	0,09584	159	5,74561	0,6384	0,46491	429	6,42157	0,71351	0,51961	347	5,55085	0,61676	0,44915	345	
0,4	8	1,55607	0,1729	0,18692	168	0,86381	0,09598	0,10376	220	0,95965	0,10663	0,11527	189	4,13665	0,45963	0,49689	369	4,24204	0,47134	0,50955	297	4,75714	0,52857	0,57143	259	
0,4	9	0,6333	0,07037	0,05748	161	0,84079	0,09342	0,07632	160	1,17033	0,13004	0,10623	157	3,63068	0,40341	0,32955	421	3,21106	0,35678	0,29146	376	3,65143	0,40571	0,33143	358	
0,4	10	1,10435	0,12271	0,06783	160	0,65061	0,07229	0,03996	174	0,85464	0,09496	0,05249	151	6,75532	0,75059	0,41489	405	4,92248	0,54694	0,30233	375	3,9441	0,43823	0,24224	395	
0,5	1	1,63492	0,18166	0,18254	162	1,12568	0,12508	0,12568	167	1,2561	0,13957	0,14024	156	4,29167	0,47685	0,47917	402	5,06557	0,56284	0,56557	346	5,02439	0,55827	0,56098	375	
0,5	2	1,43032	0,15892	0,17604	178	1,11429	0,12381	0,13714	188	1,46617	0,16291	0,18045	168	6,72414	0,74713	0,82759	393	3,65625	0,40625	0,45	392	3,14516	0,34946	0,3871	357	
0,5	3	1,31028	0,14559	0,11067	148	1,334	0,14822	0,11268	169	1,10133	0,12237	0,09302	155	7,44944	0,82772	0,62921	436	5,71552	0,63506	0,48276	407	4,39073	0,48786	0,37086	414	
0,5	4	1,46929	0,16325	0,13759	156	1,84	0,20444	0,17231	159	1,45146	0,16127	0,13592	197	6,29474	0,69942	0,58947	388	7,66667	0,85185	0,71795	362	5,43636	0,60404	0,50909	340	
0,5	5	2,02229	0,2247	0,23248	180	1,37744	0,15305	0,15835	170	1,1847	0,13163	0,13619	156	6,10577	0,67842	0,70192	409	5,1626	0,57362	0,5935	317	5,42735	0,60304	0,62393	329	
0,5	6	1,82595	0,20288	0,14557	152	1,25983	0,13998	0,10044	167	1,10115	0,12235	0,08779	161	2,5087	0,27874	0,2	457	3,62893	0,40321	0,28931	395	4,47287	0,49699	0,35659	399	
0,5	7	1,76685	0,19632	0,19101	159	1,24554	0,13839	0,13465	177	1,1757	0,13063	0,1271	148	7,57831	0,84203	0,81928	372	5,66667	0,62963	0,61261	327	5,24167	0,58241	0,56667	322	
0,5	8	1,08438	0,12049	0,09515	164	1,3304	0,14782	0,11674	161	1,38532	0,15392	0,12156	140	8,50704	0,94523	0,74648	381	7,19048	0,79894	0,63095	365	7,74359	0,8604	0,67949	369	
0,5	9	1,37107	0,15234	0,18449	175	0,86623	0,09625	0,11656	173	1,13937	0,1266	0,15331	124	5,83929	0,64881	0,78571	412	4,84444	0,53827	0,65185	355	3,49733	0,38859	0,47059	406	
0,5	10	1,43192	0,1591	0,12207	164	1,17988	0,1311	0,10058	158	1,26819	0,14091	0,10811	153	6,48936	0,72104	0,55319	377	4,29577	0,47731	0,3662	322	4,29577	0,47731	0,3662	302	
0,6	1	2,6913	0,29903	0,21304	160	1,7942	0,19936	0,14203	167	2,06333	0,22926	0,16333	153	8,25333	0,91704	0,65333	402	8,14474	0,90497	0,64474	399	5,83962	0,64885	0,46226	407	
0,6	2	3,95	0,43889	0,2875	157	1,98742	0,22082	0,14465	179	2,35821	0,26202	0,17164	159	9,43284	1,04809	0,68657	397	7,26437	0,80715	0,52874	327	7,80247	0,86694	0,5679	328	
0,6	3	2,54762	0,28307	0,15079	149	1,8827	0,20919	0,11144	147	1,39262	0,15474	0,08243	145	9,30435	1,03382	0,55072	448	7,73494	0,85944	0,45783	402	9,58209	1,06468	0,56716	418	
0,6	4	3,15306	0,35034	0,20408	133	1,50365	0,16707	0,09732	156	1,60938	0,17882	0,10417	146	5,88571	0,65397	0,38095	472	3,6568	0,40631	0,23669	435	5,37391	0,5971	0,34783	442	
0,6	5	2,06419	0,22935	0,34459	186	1,8628	0,20698	0,31098	190	1,39817	0,15535	0,23341	147	5,93204	0,65912	0,99029	364	5,31304	0,59034	0,88696	308	5,13445	0,57049	0,85714	311	
0,6	6	2,18505	0,24278	0,15302	148	2,44622	0,2718	0,17131	153	1,4689	0,16321	0,10287	137	9,16418	1,01824	0,64179	369	6,26531	0,69615	0,43878	328	7,675	0,85278	0,5375	313	
0,6	7	1,65873	0,1843	0,10317	160	1,65435	0,18382	0,1029	161	2,92991	0,32555	0,18224	124	6,74194	0,7491	0,41935	409	5,016	0,55733	0,312	388	5,64865	0,62763	0,35135	372	
0,6	8	2,25263	0,25029	0,19649	150	1,99379	0,22153	0,17391	176	1,50704	0,16745	0,13146	138	9,87692	1,09744	0,86154	414	7,21348	0,8015	0,62921	372	6,0566	0,67296	0,5283	326	
0,6	9	2,04545	0,22727	0,26623	186	1,98113	0,22013	0,25786	150	1,47541	0,16393	0,19204	202	4,53237	0,5036	0,58993	374	5,72727	0,63636	0,74545	320	5,88785	0,65421	0,76636	311	
0,6	10	2,65652	0,29517	0,16957	146	1,95208	0,2169	0,1246	145	2,18996	0,24333	0,13978	139	7,02299	0,78033	0,44828	468	5,5045	0,61161	0,35135	399	4,18493	0,46499	0,26712	422	
0,7	1	3,02765	0,33641	0,18894	153	3,22059	0,35784	0,20098	164	3,07009	0,34112	0,19159	144	7,38202	0,82022	0,46067	332	8,87838	0,98649	0,55405	323	9,125	1,01389	0,56944	291	
0,7	2	3,42529	0,38059	0,35057	155	4,11034	0,4567	0,42069	155	2,81132	0,31237	0,28774	132	9,77049	1,08561	1	332	7,18072	0,79786	0,73494	310	8,05405	0,89489	0,82432	342	
0,7	3	3,75581	0,41731	0,38372	149	2,78448	0,30939	0,28448	153	1,9816	0,22018	0,20245	128	6,03738	0,67082	0,61682	379	5,12698	0,56966	0,52381	330	5,168	0,57422	0,528	330	
0,7	4	3,60694	0,40077	0,23699	137	2,68966	0,29885	0,17672	163	2,15172	0,23908	0,14138	109	10,94737	1,21637	0,7193	413	8,32	0,92444	0,54667	408	7,89873	0,87764	0,51899	389	
0,7	5	3,07442	0,3416	0,22326	200	2,80085	0,31121	0,20339	189	3,01826	0,33536	0,21918	193	11,39655	1,26628	0,82759	463	7,86905	0,87434	0,57143	392	8,47436	0,9416	0,61538	363	
0,7	6	3,73077	0,41453	0,28022	176	2,716	0,30178	0,204	174	2,50554	0,27839	0,18819	135	9,05333	1,00593	0,68	450	9,56338	1,0626	0,71831	408	6,85859	0,76207	0,51515	385	
0,7	7	2,80973	0,31219	0,29204	154	3,05288	0,33921	0,31731	142	2,5813	0,28681	0,26829	129	9,2029	1,02254	0,95652	409	7,9375	0,88194	0,825	396	7,21591	0,80177	0,75	376	
0,7	8	2,93868	0,32652	0,24528	155	3,17857	0,35317	0,26531	159	2,42412	0,26935	0,20233	126	7,7875	0,86528	0,65	415	6,69892	0,74432	0,55914	397	6,29293	0,69921	0,52525	429	
0,7	9	2,40873	0,26764	0,36111	155	2,44758	0,27195	0,36694	148	2,26493	0,25166	0,33955	144	6,52688	0,72521	0,97849	404	6,45745	0,71749	0,96809	357	4,56391	0,5071	0,68421	348	
0,7	10	3,52128	0,39125	0,2766	135	2,89083	0,3212	0,22707	148	3,16746	0,35194	0,2488	121	9,73529	1,0817	0,76471	442	5,05344	0,56149	0,39695	390	6,01818	0,66869	0,47273	392	
0,8	1	4,39189	0,48799	0,27027	133	4,85075	0,53897	0,29851	146	4,01235	0,44582	0,24691	124	9,02778	1,00309	0,55556	448	8,78378	0,97598	0,54054	394	8,22785	0,91421	0,50633	381	
0,8	2	4,36364	0,48485	0,29371	128	4,52174	0,50242	0,30435	151	4,05195	0,45022	0,27273	120	9,75	1,08333	0,65625	363	8,66667	0,96296	0,58333	386	9,04348	1,00483	0,6087	364	
0,8	3	6,09259	0,67695	0,55556	124	3,55676	0,3952	0,32432	125	4,41611	0,49068	0,40268	88	7,07527	0,78614	0,64516	341	7,83333	0,87037	0,71429	323	7,92771	0,88086	0,72289	313	
0,8	4	4,87023	0,54114	0,36641	150	3,66667	0,40741	0,27586	148	3,75294	0,41699	0,28235	103	10,63333	1,18148	0,8	410	6,31683	0,70187	0,47525	319	6,31683	0,70187	0,47525	353	
0,8	5	4,10135	0,45571	0,51351	117	2,90431	0,3227	0,36364	114	3,70122	0,41125	0,46341	85	7,98684	0,88743	1	375	5,32456	0,59162	0,66667	375	5,37168	0,59685	0,67257	381	
0,8	6	7,49398	0,83266	0,53012	132	5,70642	0,63405	0,40367	146	3,39891	0,37766	0,24044	129	11,73585	1,30398	0,83019	418	8,88571	0,9873	0,62857	420	6,61702	0,73522	0,46809	426	
0,8	7	4,97727	0,55303	0,31061	165	3,95783	0,43976	0,24699	170	3,86471	0,42941	0,24118	129	11,13559	1,23729	0,69492	416	9,25352	1,02817	0,57746	401	9,25352	1,02817	0,57746	407	
0,8	8	6,48958	0,72106	0,54167	134	3,64327	0,40481	0,30409	145	4,54745	0,50527	0,37956	126	11,53704	1,28189	0,96296	424	8,09091	0,89899	0,67532	357	7,32941	0,81438	0,61176	318	
0,8	9	5,57759	0,61973	0,31034	136	4,46207	0,49579	0,24828	134	4,65468	0,51719	0,25899	110	12,20755	1,35639	0,67925	447	9,24286	1,02698	0,51429	450	8,98611	0,99846	0,5	410	
0,8	10	6,27184	0,69687	0,41748	170	3,62921	0,40325	0,24157	145	2,93636	0,32626	0,19545	116	8,61333	0,95704	0,57333	450	6,8	0,75556	0,45263	415	7,97531	0,88615	0,53086	399	
0,9	1	8,48684	0,94298	0,60526	129	6,8617	0,76241	0,48936	142	6,08491	0,6761	0,43396	112	8,26923	0,9188	0,58974	450	8,26923	0,9188	0,58974	403	7,77108	0,86345	0,55422	388	
0,9	2	8,47436	0,9416	0,62821	142	6,95789	0,7731	0,51579	168	7,10753	0,78973	0,52688	132	11,20339	1,24482	0,83051	390	7,10753	0,78973	0,52688	344	7,77647	0,86405	0,57647	351	
0,9	3	7,91139	0,87904	0,4557	120	6,06796	0,67422	0,34951	143	7,8125	0,86806	0,45	97	12,01923	1,33547	0,69231	517	8,80282	0,97809	0,50704	461	8,68056	0,96451	0,5	449	
0,9	4	8,68116	0,96457	0,65217	123	6,05051	0,67228	0,45455	138	7,30488	0,81165	0,54878	99	12,22449	1,35828	0,91837	505	8,09459	0,8994	0,60811	498	8,09459	0,8994	0,60811	515	
0,9	5	7,81928	0,86881	0,57831	157	6,24038	0,69338	0,46154	154	5,15079	0,57231	0,38095	109	12,24528	1,36059	0,90566	448	9,83333	1,09259	0,72727	441	7,21111	0,80123	0,53333	453	
0,9	6	8,2027	0,91141	0,51351	158	5,83654	0,6485	0,36538	164	5,46847	0,60761	0,34234	109	8,67143	0,96349	0,54286	406	10,64912	1,18324	0,66667	357	9,63492	1,07055	0,60317	314	
0,9	7	8,51316	0,94591	0,71053	128	5,67544	0,6306	0,47368	142	5,52991	0,61443	0,46154	104	10,9661	1,21846	0,91525	520	8,29487	0,92165	0,69231	564	9,24286	1,02698	0,77143	480	
0,9	8	8,95775	0,99531	0,74648	125	4,93023	0,5478	0,41085	150	5,53043	0,61449	0,46087	117	11,56364	1,28485	0,96364	453	7,95	0,88333	0,6625	457	8,71233	0,96804	0,72603	398	
0,9	9	8,33333	0,92593	0,66667	140	6,18812	0,68757	0,49505	158	7,18391	0,79821	0,57471	107	11,57407	1,28601	0,92593	476	7,8125	0,86806	0,625	406	8,33333	0,92593	0,66667	390	
0,9	10	8,2125	0,9125	0,6	160	5,86607	0,65179	0,42857	130	6,19811	0,68868	0,45283	138	10,10769	1,12308	0,73846	438	8,64474	0,96053	0,63158	416	7,63953	0,84884	0,55814	401	
