k	Задача	0				1				2				3				4				5				
0,1	1	0,10374	0,01153	0,03173	305	0,12152	0,0135	0,03716	162	0,12783	0,0142	0,03909	132	1,08638	0,12071	0,33223	196	1,22932	0,13659	0,37594	147	1,34016	0,14891	0,40984	154	
0,1	2	0,08941	0,00993	0,0315	108	0,15953	0,01773	0,0562	96	0,11463	0,01274	0,04039	116	0,60691	0,06743	0,21382	149	1,05128	0,11681	0,37037	130	0,62331	0,06926	0,21959	137	
0,1	3	0,1494	0,0166	0,03704	117	0,15078	0,01675	0,03738	110	0,12942	0,01438	0,03208	102	1,8601	0,20668	0,46114	161	1,18092	0,13121	0,29276	167	1,07164	0,11907	0,26567	139	
0,1	4	0,12016	0,01335	0,04563	123	0,11064	0,01229	0,04202	124	0,08779	0,00975	0,03334	114	0,75464	0,08385	0,2866	150	0,90819	0,10091	0,34491	132	0,77872	0,08652	0,29574	125	
0,1	5	0,14536	0,01615	0,03933	115	0,11506	0,01278	0,03113	108	0,09184	0,0102	0,02485	113	1,31274	0,14586	0,35521	137	1,67488	0,1861	0,4532	131	1,60377	0,1782	0,43396	169	
0,1	6	0,17793	0,01977	0,05591	89	0,11179	0,01242	0,03513	93	0,09576	0,01064	0,03009	115	1,4023	0,15581	0,44061	101	0,91272	0,10141	0,28678	131	1,14375	0,12708	0,35938	133	
0,1	7	0,18369	0,02041	0,0614	124	0,15446	0,01716	0,05163	119	0,13732	0,01526	0,0459	123	0,66972	0,07441	0,22385	130	0,625	0,06944	0,2089	140	0,75569	0,08397	0,25259	153	
0,1	8	0,15824	0,01758	0,05429	99	0,12495	0,01388	0,04287	88	0,11787	0,0131	0,04044	109	0,57504	0,06389	0,1973	152	0,483	0,05367	0,16572	139	0,37931	0,04215	0,13014	122	
0,1	9	0,10891	0,0121	0,02518	112	0,1191	0,01323	0,02754	137	0,14175	0,01575	0,03277	87	0,73305	0,08145	0,16949	114	0,73932	0,08215	0,17094	116	0,68787	0,07643	0,15905	128	
0,1	10	0,11396	0,01266	0,02997	100	0,13979	0,01553	0,03677	83	0,13346	0,01483	0,0351	94	0,69656	0,0774	0,18321	111	0,57571	0,06397	0,15142	96	0,69656	0,0774	0,18321	105	
0,2	1	0,24171	0,02686	0,11104	97	0,19615	0,02179	0,09011	100	0,25665	0,02852	0,1179	86	1,5	0,16667	0,68908	110	1,19	0,13222	0,54667	108	1,19799	0,13311	0,55034	93	
0,2	2	0,27176	0,0302	0,06964	91	0,24913	0,02768	0,06384	108	0,28003	0,03111	0,07176	91	1,53419	0,17047	0,39316	114	1,54077	0,1712	0,39485	102	2,12426	0,23603	0,54438	108	
0,2	3	0,26896	0,02988	0,10885	86	0,24179	0,02687	0,09785	83	0,21848	0,02428	0,08842	99	1,34386	0,14932	0,54386	122	0,87844	0,0976	0,3555	107	1,14671	0,12741	0,46407	110	
0,2	4	0,33247	0,03694	0,09201	83	0,21799	0,02422	0,06033	85	0,23878	0,02653	0,06608	91	2,12778	0,23642	0,58889	110	2,03723	0,22636	0,56383	94	1,28523	0,1428	0,3557	103	
0,2	5	0,33483	0,0372	0,06121	97	0,24636	0,02737	0,04503	103	0,3218	0,03576	0,05882	81	1,78846	0,19872	0,32692	121	1,44186	0,16021	0,26357	135	1,90769	0,21197	0,34872	103	
0,2	6	0,26628	0,02959	0,04993	98	0,29846	0,03316	0,05596	83	0,30164	0,03352	0,05656	95	3,83333	0,42593	0,71875	109	1,97849	0,21983	0,37097	104	0,93165	0,10352	0,17468	138	
0,2	7	0,29606	0,0329	0,07335	103	0,51159	0,05684	0,12674	71	0,26932	0,02992	0,06672	92	0,89459	0,0994	0,22162	110	1,45175	0,16131	0,35965	107	1,4646	0,16273	0,36283	108	
0,2	8	0,284	0,03156	0,1024	75	0,27245	0,03027	0,09823	79	0,29907	0,03323	0,10783	94	2,53571	0,28175	0,91429	104	2,43151	0,27017	0,87671	101	2,53571	0,28175	0,91429	110	
0,2	9	0,37251	0,04139	0,09549	76	0,30789	0,03421	0,07892	79	0,30136	0,03348	0,07725	101	0,75693	0,0841	0,19403	113	2,21875	0,24653	0,56875	105	0,76674	0,08519	0,19654	115	
0,2	10	0,32828	0,03648	0,07672	82	0,46523	0,05169	0,10872	66	0,24865	0,02763	0,05811	91	0,90418	0,10046	0,2113	105	0,76349	0,08483	0,17842	103	0,9509	0,10566	0,22222	103	
0,3	1	0,56672	0,06297	0,11094	85	0,28336	0,03148	0,05547	89	0,55917	0,06213	0,10947	90	2,13559	0,23729	0,41808	121	2,84211	0,31579	0,55639	104	2,23669	0,24852	0,43787	100	
0,3	2	0,38558	0,04284	0,07094	79	0,40119	0,04458	0,07381	83	0,55887	0,0621	0,10282	87	2,6746	0,29718	0,49206	114	3,17925	0,35325	0,58491	104	2,7623	0,30692	0,5082	108	
0,3	3	0,70152	0,07795	0,12738	74	0,47984	0,05332	0,08713	64	0,41554	0,04617	0,07545	74	2,92857	0,3254	0,53175	104	2,71324	0,30147	0,49265	103	2,97581	0,33065	0,54032	113	
0,3	4	0,36796	0,04088	0,17901	79	0,36634	0,0407	0,17822	78	0,40315	0,04479	0,19613	84	1,90286	0,21143	0,92571	101	1,90286	0,21143	0,92571	97	1,65672	0,18408	0,80597	96	
0,3	5	0,39635	0,04404	0,11493	80	0,30521	0,03391	0,0885	66	0,34976	0,03886	0,10142	79	2,75373	0,30597	0,79851	101	2,5274	0,28082	0,73288	96	2,73333	0,3037	0,79259	97	
0,3	6	0,8018	0,08909	0,14414	83	0,67424	0,07492	0,12121	67	0,56778	0,06309	0,10207	93	1,54113	0,17124	0,27706	119	1,53448	0,1705	0,27586	117	0,80909	0,0899	0,14545	105	
0,3	7	0,44743	0,04971	0,09396	87	0,62208	0,06912	0,13064	68	0,50761	0,0564	0,1066	91	2,73973	0,30441	0,57534	103	2,72109	0,30234	0,57143	100	3,125	0,34722	0,65625	108	
0,3	8	0,57143	0,06349	0,14452	100	0,54088	0,0601	0,13679	95	0,51964	0,05774	0,13142	69	2,64615	0,29402	0,66923	123	2	0,22222	0,50581	119	2	0,22222	0,50581	109	
0,3	9	0,34002	0,03778	0,09754	81	0,38814	0,04313	0,11134	77	0,42195	0,04688	0,12104	73	2,01622	0,22402	0,57838	105	1,93264	0,21474	0,5544	116	1,79327	0,19925	0,51442	110	
0,3	10	0,46192	0,05132	0,14251	92	0,47595	0,05288	0,14684	72	0,44497	0,04944	0,13728	97	2,02151	0,22461	0,62366	102	1,97895	0,21988	0,61053	112	1,65639	0,18404	0,51101	99	
0,4	1	0,73747	0,08194	0,14028	81	1,07918	0,11991	0,20528	84	0,86792	0,09644	0,16509	85	2,74627	0,30514	0,52239	102	3,06667	0,34074	0,58333	95	2,60993	0,28999	0,49645	106	
0,4	2	1,16781	0,12976	0,26712	71	0,80047	0,08894	0,1831	101	0,64952	0,07217	0,14857	77	1,77604	0,19734	0,40625	115	1,705	0,18944	0,39	106	2,1859	0,24288	0,5	103	
0,4	3	1,24841	0,13871	0,26433	82	0,71273	0,07919	0,15091	94	0,91589	0,10177	0,19393	66	3,69811	0,4109	0,78302	119	3,32203	0,36911	0,70339	109	2,49682	0,27742	0,52866	100	
0,4	4	0,67735	0,07526	0,13627	90	1,02424	0,1138	0,20606	73	0,88251	0,09806	0,17755	87	3,25	0,36111	0,65385	107	3,12963	0,34774	0,62963	104	2,74797	0,30533	0,55285	104	
0,4	5	0,66227	0,07359	0,22076	98	0,61094	0,06788	0,20365	102	0,70403	0,07823	0,23468	89	2,3787	0,2643	0,7929	100	2,24581	0,24953	0,7486	86	2,12698	0,23633	0,70899	92	
0,4	6	0,86765	0,09641	0,19118	74	0,7284	0,08093	0,16049	71	0,59596	0,06622	0,13131	86	2,28387	0,25376	0,50323	108	2,31373	0,25708	0,5098	103	3,21818	0,35758	0,70909	97	
0,4	7	0,68587	0,07621	0,17658	74	1,0885	0,12094	0,28024	63	1,02216	0,11357	0,26316	69	2,3961	0,26623	0,61688	107	2,06145	0,22905	0,53073	103	2,3961	0,26623	0,61688	102	
0,4	8	0,75899	0,08433	0,20719	77	0,78214	0,0869	0,21351	64	0,66605	0,07401	0,18182	78	1,82234	0,20248	0,49746	92	1,8601	0,20668	0,50777	98	1,97253	0,21917	0,53846	89	
0,4	9	0,83565	0,09285	0,17593	65	0,68762	0,0764	0,14476	70	0,84543	0,09394	0,17799	62	3,96703	0,44078	0,83516	105	3,34259	0,3714	0,7037	98	3,31193	0,36799	0,69725	88	
0,4	10	1,14828	0,12759	0,15862	73	1,29572	0,14397	0,17899	72	0,925	0,10278	0,12778	72	3,61957	0,40217	0,5	105	5,20312	0,57812	0,71875	302	2,664	0,296	0,368	92	
0,5	1	1,16429	0,12937	0,225	68	1,41126	0,15681	0,27273	65	1,26357	0,1404	0,24419	61	3,43158	0,38129	0,66316	92	3,88095	0,43122	0,75	98	3,19608	0,35512	0,61765	83	
0,5	2	1,03279	0,11475	0,22678	72	1,0107	0,1123	0,22193	68	1,05882	0,11765	0,23249	71	4,1087	0,45652	0,90217	99	2,8209	0,31343	0,6194	97	3,63462	0,40385	0,79808	93	
0,5	3	1,0708	0,11898	0,14454	74	1,09337	0,12149	0,14759	60	1,44048	0,16005	0,19444	64	5,41791	0,60199	0,73134	97	5,26087	0,58454	0,71014	103	4,90541	0,54505	0,66216	97	
0,5	4	1,5261	0,16957	0,22088	71	1,50198	0,16689	0,21739	60	1,19122	0,13236	0,17241	69	6,03175	0,67019	0,87302	109	5,20548	0,57839	0,75342	89	4,36782	0,48531	0,63218	96	
0,5	5	1,24074	0,13786	0,2963	78	1,04688	0,11632	0,25	61	0,81114	0,09013	0,1937	68	2,81513	0,31279	0,67227	106	3,13084	0,34787	0,74766	114	2,9646	0,3294	0,70796	110	
0,5	6	1,1838	0,13153	0,19626	83	1,00264	0,1114	0,16623	92	1,1838	0,13153	0,19626	68	3,58491	0,39832	0,59434	106	2,90076	0,32231	0,48092	100	2,30303	0,25589	0,38182	92	
0,5	7	1,05279	0,11698	0,24633	74	1,22945	0,13661	0,28767	68	1,65438	0,18382	0,3871	76	3,98889	0,44321	0,93333	97	2,96694	0,32966	0,69421	96	3,32407	0,36934	0,77778	89	
0,5	8	1,16066	0,12896	0,19672	90	1,21233	0,1347	0,20548	73	1,60909	0,17879	0,27273	63	5,20588	0,57843	0,88235	110	4,5974	0,51082	0,77922	111	4,98592	0,55399	0,84507	105	
0,5	9	0,74206	0,08245	0,26984	77	0,80603	0,08956	0,2931	79	0,94444	0,10494	0,34343	85	2,61538	0,2906	0,95105	102	2,3375	0,25972	0,85	108	2,39744	0,26638	0,87179	108	
0,5	10	1,8324	0,2036	0,51955	73	0,91877	0,10209	0,2605	65	0,9162	0,1018	0,25978	71	3,38144	0,37572	0,95876	93	3,21569	0,3573	0,91176	100	3,18447	0,35383	0,90291	92	
0,6	1	2,80992	0,31221	0,5124	78	2,125	0,23611	0,3875	56	1,45923	0,16214	0,26609	62	4,3038	0,4782	0,78481	105	4,3038	0,4782	0,78481	101	4,3038	0,4782	0,78481	86	
0,6	2	1,24476	0,13831	0,21678	65	1,71154	0,19017	0,29808	86	1,30882	0,14542	0,22794	68	4,04545	0,44949	0,70455	97	3,35849	0,37317	0,58491	102	4,50633	0,5007	0,78481	97	
0,6	3	1,19683	0,13298	0,36825	65	0,99211	0,11023	0,30526	62	0,98433	0,10937	0,30287	58	2,56463	0,28496	0,78912	109	2,94531	0,32726	0,90625	100	2,92248	0,32472	0,89922	91	
0,6	4	2,3354	0,25949	0,51553	69	1,62069	0,18008	0,35776	72	1,3101	0,14557	0,2892	84	4,13187	0,4591	0,91209	95	3,65049	0,40561	0,80583	95	4	0,44444	0,88298	96	
0,6	5	1,13167	0,12574	0,38078	72	1,41964	0,15774	0,47768	64	1,07432	0,11937	0,36149	61	2,97196	0,33022	1	112	2,69492	0,29944	0,90678	102	2,67227	0,29692	0,89916	99	
0,6	6	2,09827	0,23314	0,41618	93	1,67281	0,18587	0,3318	67	1,27817	0,14202	0,25352	58	4,84	0,53778	0,96	115	4,03333	0,44815	0,8	114	4,37349	0,48594	0,86747	103	
0,6	7	2,21656	0,24628	0,28025	69	2,04706	0,22745	0,25882	64	1,84127	0,20459	0,2328	76	6,32727	0,70303	0,8	100	4,97143	0,55238	0,62857	107	6,32727	0,70303	0,8	96	
0,6	8	1,63256	0,1814	0,32093	72	1,76382	0,19598	0,34673	68	1,53947	0,17105	0,30263	77	3,98864	0,44318	0,78409	105	3,10619	0,34513	0,61062	99	3,375	0,375	0,66346	115	
0,6	9	1,80105	0,20012	0,36649	74	1,02687	0,1141	0,20896	68	1,36508	0,15168	0,27778	72	3,62105	0,40234	0,73684	99	3,54639	0,39404	0,72165	101	3,73913	0,41546	0,76087	100	
0,6	10	1,83077	0,20342	0,29231	68	1,51271	0,16808	0,24153	69	1,72464	0,19163	0,27536	62	5,32836	0,59204	0,85075	97	5,57812	0,61979	0,89062	88	5,32836	0,59204	0,85075	93	
0,7	1	2,42667	0,26963	0,6	74	2,01105	0,22345	0,49724	54	1,84772	0,2053	0,45685	88	3,91398	0,43489	0,96774	103	3,53398	0,39266	0,87379	96	3,87234	0,43026	0,95745	117	
0,7	2	2,53378	0,28153	0,36486	65	2,58621	0,28736	0,37241	66	2,64085	0,29343	0,38028	61	5,13699	0,57078	0,73973	100	6,25	0,69444	0,9	105	5,06757	0,56306	0,72973	88	
0,7	3	2,33766	0,25974	0,44156	77	1,96721	0,21858	0,37158	63	1,32353	0,14706	0,25	81	4,93151	0,54795	0,93151	112	4,33735	0,48193	0,81928	118	3,82979	0,42553	0,7234	109	
0,7	4	2,98374	0,33153	0,47967	75	2,01648	0,22405	0,32418	183	2,98374	0,33153	0,47967	57	5,8254	0,64727	0,93651	220	4,82895	0,53655	0,77632	123	4,95946	0,55105	0,7973	124	
0,7	5	2,95798	0,32866	0,51261	159	3,06087	0,3401	0,53043	179	1,93407	0,2149	0,33516	103	5,5873	0,62081	0,96825	119	4,82192	0,53577	0,83562	110	4,75676	0,52853	0,82432	320	
0,7	6	3,89362	0,43262	0,67021	177	2,40789	0,26754	0,41447	291	2,37662	0,26407	0,40909	189	5,80952	0,6455	1	355	5,0137	0,55708	0,86301	268	4,94595	0,54955	0,85135	224	
0,7	7	2,30345	0,25594	0,4069	95	1,8764	0,20849	0,33146	235	2,12739	0,23638	0,3758	236	5,56667	0,61852	0,98333	212	4,84058	0,53784	0,85507	335	4,70423	0,52269	0,83099	276	
0,7	8	2,08421	0,23158	0,43158	84	2,80851	0,31206	0,58156	212	2,22472	0,24719	0,46067	146	4,5	0,5	0,93182	228	4,21277	0,46809	0,87234	298	3,88235	0,43137	0,80392	139	
0,7	9	2,34615	0,26068	0,42949	78	1,7767	0,19741	0,32524	109	1,69444	0,18827	0,31019	171	4,94595	0,54955	0,90541	287	4,15909	0,46212	0,76136	276	4,63291	0,51477	0,8481	192	
0,7	10	2,97561	0,33062	0,4065	235	2,59574	0,28842	0,35461	236	2,01099	0,22344	0,27473	103	7,17647	0,79739	0,98039	123	6	0,66667	0,81967	115	5,71875	0,63542	0,78125	120	
0,8	1	4,23864	0,47096	0,75	94	3,76768	0,41863	0,66667	79	3,33036	0,37004	0,58929	58	5,65152	0,62795	1	137	4,54878	0,50542	0,80488	122	4,6625	0,51806	0,825	125	
0,8	2	5,53731	0,61526	0,76119	63	3,56731	0,39637	0,49038	64	2,83206	0,31467	0,38931	69	5,98387	0,66487	0,82258	138	5,53731	0,61526	0,76119	142	4,6375	0,51528	0,6375	143	
0,8	3	3,23364	0,35929	0,73832	83	2,62121	0,29125	0,59848	68	2,88333	0,32037	0,65833	74	4,37975	0,48664	1	130	3,88764	0,43196	0,88764	134	4,325	0,48056	0,9875	124	
0,8	4	2,74016	0,30446	0,59843	90	2,7619	0,30688	0,60317	90	2,94915	0,32768	0,64407	85	3,55102	0,39456	0,77551	157	3,66316	0,40702	0,8	131	3,82418	0,42491	0,83516	123	
0,8	5	2,90756	0,32306	0,72269	84	2,6015	0,28906	0,64662	93	2,4539	0,27266	0,60993	72	4,02326	0,44703	1	148	3,97701	0,44189	0,98851	141	3,60417	0,40046	0,89583	136	
0,8	6	2,17532	0,2417	0,59091	74	2,5969	0,28854	0,70543	59	2,18954	0,24328	0,59477	67	3,68132	0,40904	1	114	3,6413	0,40459	0,98913	115	3,6413	0,40459	0,98913	110	
0,8	7	3,60748	0,40083	0,6729	79	4,70732	0,52304	0,87805	67	4,33708	0,4819	0,80899	88	5,28767	0,58752	0,9863	111	5,01299	0,557	0,93506	115	5,14667	0,57185	0,96	114	
0,8	8	4,68293	0,52033	0,57317	85	3,65714	0,40635	0,44762	70	4,57143	0,50794	0,55952	67	6,19355	0,68817	0,75806	122	6	0,66667	0,73438	120	6,09524	0,67725	0,74603	127	
0,8	9	2,35075	0,26119	0,57463	82	2,03226	0,22581	0,49677	70	2,29927	0,25547	0,56204	69	4,03846	0,44872	0,98718	123	3,70588	0,41176	0,90588	117	3,70588	0,41176	0,90588	126	
0,8	10	5,14493	0,57166	0,68116	68	3,9011	0,43346	0,51648	65	3,41346	0,37927	0,45192	74	7,2449	0,80499	0,95918	122	6,01695	0,66855	0,79661	121	6,45455	0,71717	0,85455	129	
0,9	1	5,05405	0,56156	0,89189	67	3,93684	0,43743	0,69474	65	4,25	0,47222	0,75	61	5,66667	0,62963	1	137	5,05405	0,56156	0,89189	119	5,58209	0,62023	0,98507	132	
0,9	2	6,43103	0,71456	0,74138	63	4,23864	0,47096	0,48864	70	5,82812	0,64757	0,67188	62	8,67442	0,96382	1	134	5,48529	0,60948	0,63235	123	6,43103	0,71456	0,74138	119	
0,9	3	7,25	0,80556	0,91667	69	5,27273	0,58586	0,66667	63	5,04348	0,56039	0,63768	64	7,73333	0,85926	0,97778	133	6	0,66667	0,75862	146	5,70492	0,63388	0,72131	143	
0,9	4	6,73469	0,7483	0,87755	58	4,64789	0,51643	0,60563	67	4,71429	0,52381	0,61429	63	7,5	0,83333	0,97727	134	6,11111	0,67901	0,7963	122	7,33333	0,81481	0,95556	127	
0,9	5	4,7013	0,52237	0,85714	67	3,85106	0,4279	0,70213	68	3,93478	0,4372	0,71739	62	5,40299	0,60033	0,98507	140	4,58228	0,50914	0,83544	136	4,64103	0,51567	0,84615	139	
0,9	6	5,54688	0,61632	0,76562	52	5,46154	0,60684	0,75385	55	5,37879	0,59764	0,74242	43	7,1	0,78889	0,98	109	7,1	0,78889	0,98	103	6,45455	0,71717	0,89091	101	
0,9	7	7,88889	0,87654	0,95556	56	4,61039	0,51227	0,55844	61	5,46154	0,60684	0,66154	62	8,25581	0,91731	1	96	5,37879	0,59764	0,65152	97	6,12069	0,68008	0,74138	105	
0,9	8	6,06897	0,67433	0,75862	58	5,67742	0,63082	0,70968	53	5,5	0,61111	0,6875	62	7,82222	0,86914	0,97778	108	6,76923	0,75214	0,84615	102	6,51852	0,72428	0,81481	109	
0,9	9	7,32	0,81333	0,78	52	5,80952	0,6455	0,61905	63	6,42105	0,71345	0,68421	47	9,38461	1,04273	1	121	7,46939	0,82993	0,79592	98	7,03846	0,78205	0,75	90	
0,9	10	7,95349	0,88372	0,7907	62	5,42857	0,60317	0,53968	70	4,88571	0,54286	0,48571	45	9	1	0,89474	116	7,125	0,79167	0,70833	105	6,21818	0,69091	0,61818	93	
